camera_matrix:
- - 7399.826827621343
  - 0.0
  - 1045.9175570309699
- - 0.0
  - 7380.579608208009
  - 992.1662655253949
- - 0.0
  - 0.0
  - 1.0
dist_coeff:
- - 0.13189837790145703
  - 12.91832534258776
  - 0.027789493753352507
  - 1.1351675807449437e-05
  - -197.76139780826622
